-
1000029164553895997,0,0,0,2023-09-21
333745622978920449,0,0,0,2023-09-20
614476492960956427,0,0,0,2023-09-20
792380546205351957,0,0,0,2023-09-20
1105633762231992532,0,0,0,2023-09-20
1018064026317639700,0,0,0,2023-09-19
393933004835389481,0,0,0,2023-09-19
449930372214554635,0,0,0,2023-09-19
528602126713356288,0,0,0,2023-09-19
1119385876988973056,0,0,0,2023-09-19
815616686216183819,0,0,0,2023-09-19
915355254885867530,0,0,0,2023-09-19
1000736434325557249,0,0,0,2023-09-19
736617507158228993,0,0,0,2023-09-18
992232364497444894,0,0,0,2023-09-18
748334135382376458,0,0,0,2023-09-18
724574473600368701,0,0,0,2023-09-18
1051335698172620840,0,0,0,2023-09-18
1153423317156507749,0,0,0,2023-09-18
970049807588675584,0,0,0,2023-09-18
341472472098668544,0,0,0,2023-09-18
489411446351069193,10,10,0,2023-09-18
928077634829705216,0,0,0,2023-09-18
1116014070554972271,0,0,0,2023-09-18
1010626609524523008,0,0,0,2023-09-18
1009246727171211355,66,60,0,2023-09-18
969965465365520404,0,0,0,2023-09-18
920634475484971038,0,0,0,2023-09-18
267752884370800651,0,0,0,2023-09-18
446116956228026378,0,0,0,2023-09-18
239829655115268097,0,0,0,2023-09-18
919452040353181736,0,0,0,2023-09-18
858343036379856926,784,470,0,2023-09-18
852843383621812234,0,0,0,2023-09-18
738221764261183550,0,0,0,2023-09-18
809453068030443570,0,0,0,2023-09-18
880550861749760041,0,0,0,2023-09-18
1138199101498998836,0,0,0,2023-09-18
530082442967646230,0,0,0,2023-09-18
294882584201003009,0,0,0,2023-09-18
720351927581278219,0,0,0,2023-09-18
252127739669118976,0,0,0,2023-09-17
318860294615203841,0,0,0,2023-09-17
790043542533046323,0,0,0,2023-09-17
1087550688906707065,14,12,0,2023-09-17
1059707141700726787,0,0,0,2023-09-17
1059707971791233066,0,0,1,2023-09-17
948637316145102868,0,0,0,2023-09-17
724314317276577904,0,0,0,2023-09-17
855467325755359262,159,116,0,2023-09-17
359065136813834251,1410,849,0,2023-09-17
159985870458322944,0,0,0,2023-09-17
437633859572465675,76,52,0,2023-09-17
744731716320755853,30,15,0,2023-09-17
932540480900714576,0,0,0,2023-09-17
840464482584100866,98,88,0,2023-09-17
836775173684068363,442,182,0,2023-09-17
792531603355860994,5,4,0,2023-09-17
857136613146624000,151,96,0,2023-09-16
150429992814247936,151,33,0,2023-09-16
1057115832662110318,13,1,0,2023-09-16
339783924521762828,146,95,0,2023-09-16
1056818884398809118,95,40,0,2023-09-16
382139732672380948,431,192,0,2023-09-16
1069735939506712726,0,0,0,2023-09-16
440224019065602050,0,0,0,2023-09-16
290038837361770496,0,0,0,2023-09-16
246674484520681474,0,0,0,2023-09-16
248579819107909633,0,0,0,2023-09-16
346817314529738752,710,410,0,2023-09-15
379092581868634113,0,0,0,2023-09-15
155149108183695360,0,0,0,2023-09-15
703886990948565003,0,0,0,2023-09-15
252797889812627456,21,12,0,2023-09-15
557628352828014614,0,0,0,2023-09-15
1042555150998454382,0,0,0,2023-09-15
653068884362002434,0,0,0,2023-09-15
369179339994169344,0,0,0,2023-09-15
904884212144930817,0,0,0,1999-12-31
947883355611992074,0,0,0,2023-09-15
208785073950949377,0,0,0,2023-09-15
728362610386534521,0,0,0,2023-09-15
